WR1: (0.6807151,1)(0.6002551,3.164751)(1.302682,3.624521)	LINEUP: [0.6807151,1]
TE: (1.480715,0.9)(1.481481,2.270754)(-0.3831417,2.360153)	LINEUP: [1.480715,0.9]
HB: (2.680715,0.3)(2.962963,0.303959)(3.116219,0.303959)(3.333333,0.3167305)(3.601532,0.3422732)(3.85696,0.3422732)(4.176245,0.3933588)(4.457215,0.4955301)(4.699872,0.661558)(4.814815,0.8659003)(5.006386,1.261813)(5.134099,1.68327)(5.197957,2.143039)(5.210728,2.411239)(5.2235,2.51341)	LINEUP: [2.680715,0.3]
WR3: (5.180715,1)(5.300128,3.650064)(5.670498,3.228608)	LINEUP: [5.180715,1]
WR2: (4.180715,0.9)(4.227331,2.832695)(2.47765,2.794381)	LINEUP: [4.180715,0.9]
