WR1: (0.44186,1)(0.4417179,3.472393)(0.8343557,3.239264)	LINEUP: [-20.0,0.0]
TE: (1.2953,0.89332)(1.239264,1.914111)(-0.06134953,2.723927)	LINEUP: [-12.0,-1.0]
WR2: (4.17566,0.89332)(4.122699,1.877301)(2.687116,3.447853)	LINEUP: [15.0,-1.0]
