WR1: (0.44186,1)(0.3803684,3.079754)(0.8957052,2.650307)	LINEUP: [-20,0]
HB: (2.57546,0.25324)(2.957055,0.1595092)(3.595092,0.196319)(4.134969,0.3190184)(4.404908,0.4662577)(4.699386,1.116565)(4.907975,2.03681)(5.006135,2.797546)	LINEUP: [0,-7]
TE: (1.2953,0.89332)(1.214724,1.877301)(-0.2331288,2.122699)	LINEUP: [-12,-0.9999998]
