WR1: (0.44186,1)(0.3926377,2.993865)(0.9202457,2.441718)	LINEUP: [-20.00,0]
TE: (1.2953,0.89332)(1.263803,1.865031)(-0.1840491,1.852761)	LINEUP: [-12.00,-0.9999998]
