WR1: (0.6807151,1)(0.6257983,1.785441)(0.7662834,1.68327)	LINEUP: [0.6807151,1]
TE: (1.480715,0.9)(1.46871,2.321839)(0.2043422,3.34355)	LINEUP: [1.480715,0.9]
WR2: (4.180715,0.9)(4.150702,2.270754)(5.402299,3.292465)	LINEUP: [4.180715,0.9]
WR3: (5.180715,1)(5.159643,1.810983)(5.057472,1.708812)	LINEUP: [5.180715,1]
