WR1: (0.6807151,1)(0.6513407,2.181354)(1.481481,3.011494)	LINEUP: [0.6807151,1]
TE: (1.480715,0.9)(1.392082,1.772669)(-0.319285,1.619413)	LINEUP: [1.480715,0.9]
