WR1: (0.44186,1)(0.3435585,2.993865)(0.6993863,2.503067)	LINEUP: [-20.0,0.0]
TE: (1.2953,0.89332)(1.325154,2.02454)(-0.2944783,1.96319)	LINEUP: [-12.0,-1.0]
