WR1: (0.6807151,1)(-0.1915711,1.823755)(0.1021711,1.747126)	LINEUP: [0.6807151,1]
TE: (1.480715,0.9)(1.366539,2.781609)(1.570881,3.06258)(0.319285,4.16092)	LINEUP: [1.480715,0.9]
WR2: (4.180715,0.9)(3.48659,1.849298)(3.116219,3.088122)(0.5108556,3.15198)	LINEUP: [4.180715,0.9]
WR3: (5.180715,1)(5.019157,1.721583)(4.968072,3.088122)(4.431673,3.918263)(4.137931,3.701149)	LINEUP: [5.180715,1]
HB: (2.680715,0.3)(4.444445,0.201788)(4.878672,0.2401022)(5.134099,0.3422732)(5.300128,0.4444445)(5.402299,0.559387)	LINEUP: [2.680715,0.3]
